.Random.seed <-
c(403L, 50L, 2094910763L, 1080353887L, -2102703506L, -1220415781L, 
-616913374L, -1245607020L, -1223643749L, 1302828008L, 91279318L, 
-912210639L, 326570477L, -66305391L, 1359410462L, 500372516L, 
329886041L, -1339941665L, 624731519L, 237339798L, 1733402190L, 
-2139003815L, 608389553L, -1656875376L, -694857892L, -176727803L, 
152200783L, -1212549679L, -1102136783L, -455522876L, 65227391L, 
-392462689L, 119555011L, -872222091L, 1311803921L, -372498353L, 
-1615581203L, -1155958288L, 1858241895L, -486005036L, 1841001310L, 
-2025527467L, 1517032468L, 1887701018L, -129679711L, 1936941740L, 
-1493953531L, 207592269L, -899560647L, 1803842406L, 166975059L, 
653595879L, -1863247018L, 1338833271L, 2070277434L, 1792778959L, 
1129221511L, 698440339L, 1725625169L, 1408520066L, 302291784L, 
-1358938367L, 38205210L, -1154995745L, 1926269130L, -2097970757L, 
-624577533L, -163351309L, -185220398L, -705763304L, 1395176076L, 
2084077772L, -42745306L, 1520593321L, 2026157016L, -1648513336L, 
-1437671853L, -34044911L, -539955087L, -476987120L, -912913447L, 
-652743357L, 359937645L, -291214928L, -1436385099L, 2003195098L, 
948473156L, -207267422L, 1793049775L, -610549357L, 1965190638L, 
1518311409L, 2070366680L, -1974458646L, -1917877346L, 70009482L, 
-2124193954L, -321748874L, -685732704L, 1994604158L, 1525610371L, 
1970158226L, 228860167L, -1942927282L, 1717530305L, -1071685407L, 
-660675282L, 2034502743L, 448590332L, -1745095465L, -334880855L, 
-693323810L, 756100046L, -1969873266L, 1985978270L, 1339181129L, 
1948280586L, 2121442834L, -957207156L, 1651874054L, -301687770L, 
-1324218784L, -1406705200L, 141500599L, 1774423682L, -1946103720L, 
978267531L, -949014963L, -972338957L, -774018618L, 1940915451L, 
243396509L, 1059767620L, 1376475370L, -979455037L, -1151262112L, 
-406111400L, 1196676967L, -771194039L, 516835668L, 1286542257L, 
-869106717L, -1735228604L, -943700072L, -726202572L, -429195494L, 
-134677169L, 584810249L, 92227217L, -1441695194L, -2145443590L, 
-1300666397L, -2064268874L, -1411271499L, -1992441282L, 373519682L, 
1253510637L, -352423081L, -457136762L, -155236426L, -416910901L, 
961821863L, 1287567519L, 1887546578L, 801055074L, 1162605696L, 
2085110987L, 1671858236L, -1434561455L, 2124526895L, -131998083L, 
-1493553717L, -1409312861L, 1106352721L, 712622054L, 603271963L, 
-468637112L, 1390978650L, 1472284832L, 2136720331L, -629795766L, 
528411379L, -574013749L, 641366472L, 1164618006L, -1825536323L, 
-611603528L, -1705456588L, -1024624787L, 2104142818L, -425806128L, 
581283792L, 1232804845L, 859607452L, -53237773L, -1530873088L, 
1755271924L, 19808354L, 790072392L, -2008145653L, -13684879L, 
716372663L, -1012740849L, 499887085L, -1211339322L, -1929588206L, 
1784643521L, 700670615L, -409175469L, 1484472023L, -1432699478L, 
-785939499L, 644225649L, 1894899234L, -15454760L, -832863616L, 
1554063712L, -1728009055L, -767658834L, 788635633L, -1267284073L, 
-546234438L, 796261687L, -9162073L, -430814991L, -879115506L, 
-2099122956L, 1897394930L, -137426230L, 472045594L, 1500396482L, 
881038055L, 300950197L, -1908941627L, 1769510049L, 156354015L, 
-610163567L, -382649478L, 2025000515L, 1937061362L, 1974219363L, 
594189048L, -1594170824L, -1346708506L, 579159440L, 706454215L, 
810288828L, -440513362L, -1306822162L, -1337650872L, 365135088L, 
-563333960L, 838443625L, -1506471890L, 532561310L, 552385275L, 
-1689753688L, 1881694833L, -103392775L, 386894447L, 397122890L, 
738120877L, 2034180179L, -158340939L, 1048391268L, 780946848L, 
-1292961147L, 2067438478L, 318394181L, 1347953728L, -1014887312L, 
-505122275L, -17850381L, 1729761601L, -1888736832L, 401920963L, 
1350700729L, 2017019583L, 1136297944L, -1815120541L, 720675393L, 
1788889797L, -1351977168L, -214823473L, 2040741884L, 281200632L, 
-1645408595L, 867467249L, -1123601193L, -1246313498L, -2130596812L, 
1119729373L, -703836419L, 1139737180L, -2027915718L, 1343575629L, 
797278405L, -796086646L, -739947517L, -675246250L, -377864482L, 
-1560714585L, 829707391L, 2046035619L, -915391112L, 1802666761L, 
-599874250L, -1674336530L, -1901422156L, -1130638883L, 1561545499L, 
1316021958L, 640708848L, -165605418L, -216868814L, 1430930720L, 
79318521L, 1384886047L, 1126513802L, 1150727423L, 1337690859L, 
-784393411L, -348971036L, -694413466L, 397738230L, 105501454L, 
955163352L, -880796988L, -116055249L, -1382578276L, -2006032457L, 
-1545971378L, -2052189600L, -1596046663L, -1487144398L, -1018472118L, 
-1881930880L, 1809849429L, 236667967L, -1127436404L, 2062380948L, 
-540357331L, 1296510729L, 1941474434L, 266993980L, -553778623L, 
625949981L, 1567918626L, -1249545014L, 2035764476L, -164876663L, 
1118559208L, 256610868L, -1540769025L, 289063015L, 1914178083L, 
1332660064L, 1851038078L, -2025025346L, -1384200220L, -964667028L, 
-1951117145L, 799907331L, -908705722L, 1316507131L, -830580188L, 
-1641376643L, -914032236L, 1095041904L, 1621151531L, -592710774L, 
1279440703L, 142974755L, -1230194021L, 1783007406L, 92485865L, 
1231237139L, -719279436L, 388803568L, -1390495860L, 1122938131L, 
-2102155875L, -960771910L, -711908736L, 13239483L, 1500320652L, 
-412171659L, -417461486L, 1655592975L, 759495942L, -365638449L, 
687182330L, 689394782L, -649687200L, -157562136L, 1052912598L, 
1172577282L, 25638905L, 9119949L, -1484825357L, -1695561759L, 
473959463L, 1338239106L, -2058010169L, -838075033L, -1303501181L, 
-1828699770L, -1399275130L, -619278734L, -355649206L, 668632896L, 
-788517981L, 2157282L, -588126671L, -1995666125L, -904515725L, 
-1581503188L, 1897028457L, 617912665L, 803543827L, 1090574061L, 
852274512L, -1230394087L, 1134060574L, -1910614080L, 1585831043L, 
131301176L, -2104897783L, 1264864175L, 368736196L, -1853312135L, 
1854146838L, -1020517016L, 1717373041L, 2052223006L, -885764092L, 
-844560535L, 852726590L, 473482303L, -534878574L, 1749350505L, 
-601880444L, -777338595L, -1737803827L, -1648974297L, 9970337L, 
1895187468L, 2025990276L, -2118307983L, 635938391L, -1947582832L, 
222329416L, 2056612615L, 1596316515L, 1466169460L, -1291871909L, 
1733081295L, 2053356798L, 1315363412L, -893551714L, -1535428553L, 
-231353779L, 1660135579L, 1762904890L, 1369939376L, 684533452L, 
-53626024L, 1373064026L, -1878910087L, -551008684L, 793467300L, 
1648229634L, 1277898820L, 1891890595L, -1781340625L, 552024525L, 
-1359571984L, -273078595L, -453092152L, 987716845L, 404314916L, 
1497578581L, -1470240683L, 991954337L, -1360254605L, -1157269897L, 
559819278L, -1386847276L, 23331969L, 1922895407L, 205618806L, 
-1681601892L, -509967065L, -1379589619L, 1904314071L, -492105705L, 
-48635847L, 1320461230L, 1980113358L, 1146225361L, -1508297076L, 
-1235635194L, 1610317610L, -121898976L, 1770222208L, 1858725042L, 
-961478181L, 1831142170L, -73615226L, -1122987225L, 897371504L, 
-1492656926L, -119473241L, -627246725L, -441131260L, -1528942568L, 
1378888711L, -655663005L, 648485398L, 87677345L, -1376842910L, 
1592072436L, 270111895L, -148017097L, -2130899982L, -1761512470L, 
795543345L, -688454275L, 1702396568L, 1561735079L, -1865879227L, 
787692246L, -961678893L, 150335680L, -482240391L, -1287898531L, 
1023727925L, -1617991127L, 1742593833L, -984682623L, 137812319L, 
-1310120376L, 259836607L, -129867992L, -412999750L, 1697276593L, 
-616859815L, -2096032726L, 563673230L, 757345051L, 1244890455L, 
1021992185L, -1344427312L, 991642057L, -933105283L, 1139558197L, 
248336884L, -748098876L, 966552159L, 689738305L, 1219272145L, 
-659098804L, 760347494L, -1583884047L, -914763757L, 1172805134L, 
1859630925L, -961198442L, 933368542L, 35038151L, 737235696L, 
-46045410L, -1339754052L, 1166159803L, -1641426900L, 1716014122L, 
-1132784088L, -57337952L, 2104295173L, -1966913211L, -1077657432L, 
-1019919496L, -2052518168L, -598301091L, -1381081324L, 1747301822L, 
-1442432757L, 669567614L, -399566159L, 1190838024L, 928254587L, 
-1612895085L, 318027791L, -1271410265L, 414781284L, 340133682L, 
-824628918L, 616325012L, 792779205L, -77330273L, 1944739444L, 
-1855872084L, -823707825L, -1621622748L, -874096875L, -760060178L, 
